           1           1   0.00000000       0.00000000       0.00000000       0.00000000    
           2           0   0.00000000       0.00000000       0.00000000       0.00000000    
           3           0   0.00000000       0.00000000       0.00000000       0.00000000    
           4           0   0.00000000       0.00000000       0.00000000       0.00000000    
           5           0   0.00000000       0.00000000       0.00000000       0.00000000    
           6           0   0.00000000       0.00000000       0.00000000       0.00000000    
           7           0   0.00000000       0.00000000       0.00000000       0.00000000    
           8           0   0.00000000       0.00000000       0.00000000       0.00000000    
           9           0   0.00000000       0.00000000       0.00000000       0.00000000    
          10           0   0.00000000       0.00000000       0.00000000       0.00000000    
          11           0   0.00000000       0.00000000       0.00000000       0.00000000    
          12           0   0.00000000       0.00000000       0.00000000       0.00000000    
