 a10_single_hru            SWAT+ @TODAY@        MODULAR Rev @YEAR@.@SWAT_VERSION@                         
        jday        mon        day         yr            unit              gis_id     name                plant_c    rsd_decay_c    harv_stov_c         emit_c
                                                                                                          kg C/ha        kg C/ha        kg C/ha        kg C/ha
         365          12          31        2006           1                     1 hru1              0.0000000E+00  0.0000000E+00   22.73044      0.0000000E+00  0.0000000E+00  0.0000000E+00
         365          12          31        2007           1                     1 hru1              0.0000000E+00  0.0000000E+00  0.2726831      0.0000000E+00  0.0000000E+00  0.0000000E+00
         366          12          31        2008           1                     1 hru1              0.0000000E+00  0.0000000E+00  5.0525209E-03  0.0000000E+00  0.0000000E+00  0.0000000E+00
         365          12          31        2009           1                     1 hru1              0.0000000E+00  0.0000000E+00  1.1293469E-04  0.0000000E+00  0.0000000E+00  0.0000000E+00
         365          12          31        2010           1                     1 hru1              0.0000000E+00  0.0000000E+00  2.4084302E-06  0.0000000E+00  0.0000000E+00  0.0000000E+00
         365          12          31        2011           1                     1 hru1              0.0000000E+00  0.0000000E+00  3.9946826E-08  0.0000000E+00  0.0000000E+00  0.0000000E+00
         366          12          31        2012           1                     1 hru1              0.0000000E+00  0.0000000E+00  8.2306401E-10  0.0000000E+00  0.0000000E+00  0.0000000E+00
         365          12          31        2013           1                     1 hru1              0.0000000E+00  0.0000000E+00  1.0437607E-11  0.0000000E+00  0.0000000E+00  0.0000000E+00
         365          12          31        2014           1                     1 hru1              0.0000000E+00  0.0000000E+00  1.8803665E-13  0.0000000E+00  0.0000000E+00  0.0000000E+00
         365          12          31        2015           1                     1 hru1              0.0000000E+00  0.0000000E+00  2.0439576E-15  0.0000000E+00  0.0000000E+00  0.0000000E+00
         366          12          31        2016           1                     1 hru1              0.0000000E+00  0.0000000E+00  3.0738174E-17  0.0000000E+00  0.0000000E+00  0.0000000E+00
         365          12          31        2017           1                     1 hru1              0.0000000E+00  0.0000000E+00  5.2794968E-19  0.0000000E+00  0.0000000E+00  0.0000000E+00
         365          12          31        2018           1                     1 hru1              0.0000000E+00  0.0000000E+00  7.4159812E-21  0.0000000E+00  0.0000000E+00  0.0000000E+00
         365          12          31        2019           1                     1 hru1              0.0000000E+00  0.0000000E+00  1.6404201E-22  0.0000000E+00  0.0000000E+00  0.0000000E+00
         366          12          31        2020           1                     1 hru1              0.0000000E+00  0.0000000E+00  3.1914626E-24  0.0000000E+00  0.0000000E+00  0.0000000E+00
         365          12          31        2021           1                     1 hru1              0.0000000E+00  0.0000000E+00  6.1675654E-26  0.0000000E+00  0.0000000E+00  0.0000000E+00
         365          12          31        2022           1                     1 hru1              0.0000000E+00  0.0000000E+00  9.4395884E-28  0.0000000E+00  0.0000000E+00  0.0000000E+00
         365          12          31        2023           1                     1 hru1              0.0000000E+00  0.0000000E+00  2.9694126E-29  0.0000000E+00  0.0000000E+00  0.0000000E+00
         366          12          31        2024           1                     1 hru1              0.0000000E+00  0.0000000E+00  5.3031304E-31  0.0000000E+00  0.0000000E+00  0.0000000E+00
         365          12          31        2025           1                     1 hru1              0.0000000E+00  0.0000000E+00  7.4804383E-33  0.0000000E+00  0.0000000E+00  0.0000000E+00
